613.4870188236237	1323.5429834127426
481.28185415267944	659.6480375230312
445.96645852923393	410.6215886324644
419.39746284484863	317.069939147681
400.7360010445118	286.1336996592581
385.1479392051697	187.35218198411167
372.1438153088093	182.60735780373216
359.6757666170597	170.56071516126394
352.4836588203907	156.2901225858368
339.8837248980999	117.55488023208454
331.3581161201	140.68573695374653
323.3664629161358	120.47962457034737
315.5864617228508	129.1571598481387
306.3214363157749	129.78711872315034
299.8754552602768	100.89545306377113
295.7049414217472	83.02198814344592
291.0725965052843	94.88579508196563
285.3834865987301	97.43445789115503
281.3626751303673	66.0812223518733
278.3680534362793	85.79536794277374
272.1543480306864	87.84015356528107
270.1933246999979	79.92243696236983
266.30143815279007	76.34501953679137
266.8508265465498	86.68375727999955
261.63727763295174	80.27598284755368
259.08706921339035	69.21138195251115
254.68196906149387	72.65707207564265
253.4211823940277	48.078772434499115
252.8173519819975	84.2901181310881
251.70606526732445	62.08501923060976
248.21719232201576	72.34861419710796
247.17056034505367	92.98958031204529
243.39463679492474	53.37215136527084
248.44713774323463	104.15898113395087
239.92039906978607	56.49090428673662
242.39022466540337	81.28887664643116
252.39159873127937	83.76723149977624
261.65993067622185	111.70466778171249
233.08343996852636	48.34753538121004
232.44186756014824	59.642266351147555
228.83571927249432	63.99345905240625
232.16707430779934	52.09532662143465
240.11699840426445	78.36465703253634
225.82600831985474	53.750296150683425
229.2416289448738	59.105335485655814
225.98715457320213	55.557163752033375
224.45940972864628	47.87993383908179
220.44784052670002	45.12786495103501
219.9114382341504	44.054949235054664
220.39982594549656	51.160406880429946
218.1420882344246	43.11101177276578
213.03279516100883	34.78280842048116
213.91383443772793	50.4020190424053
214.1619592010975	43.71779932430945
209.33387933671474	29.467754117562436
210.9013291299343	33.19899142306531
210.55103275179863	56.286165258905385
206.05912422388792	49.2571660898393
206.55517038702965	42.81527667422779
206.92919166386127	45.65313482662896
202.8632543683052	38.517382279620506
204.31673969328403	31.97693809424527
201.53396400809288	48.40849748195615
201.30094009637833	38.58944279042771
201.46425960958004	40.96885116523481
197.6356453821063	30.070655258838087
199.47324404120445	42.648454562644474
196.14929468929768	36.572163877484854
196.48881193995476	41.638306933280546
195.06411038339138	43.68779156258097
195.34018659591675	24.731702739285538
200.3658571243286	35.658202197635546
196.02047614753246	30.55221235967474
190.0241253748536	43.518885450961534
192.73289508372545	30.69869215565268
191.7627479583025	24.224464847357012
191.6807662844658	30.258369826886337
191.9604577794671	26.044390773080522
186.08936006575823	15.591255852516042
190.23449084162712	24.8571326516103
185.649329431355	37.167397129000165
185.732252843678	20.429733190772822
189.71122759580612	22.19083972921362
182.45707327127457	25.507458306092303
189.0773674249649	18.07642194154323
191.92539658397436	22.56953016960324
187.00224846601486	21.002837383523
187.27549916505814	16.922567550165695
182.18815229833126	23.547530325260595
180.15118184685707	13.17511600155558
185.21980967372656	13.157900665377383
181.9538147971034	35.3419044475595
181.36267633736134	13.046170713816537
177.71861282736063	22.84363014162227
181.00902447849512	12.089185048564104
176.09823217988014	9.114791758100182
178.04514702409506	13.911912559204211
177.95529182255268	13.801517875624995
177.8975581973791	8.64213129649579
180.78362888097763	28.887106085363484
178.77072206884623	18.96043246431509
176.7736287638545	14.173551660649537
176.59922390431166	9.705332017372712
173.0842360034585	15.65179729621741
174.2515665665269	15.636465258037788
178.3599254861474	19.321368903300026
173.16441138088703	8.777704719675967
180.69955776631832	21.37271314633108
173.66340911388397	14.734712583951477
174.48163481801748	15.916403376933886
174.78562205284834	24.279534016299294
175.17730807513	14.311168188956799
171.36452685296535	3.598759259486542
174.29980013519526	15.169131293685496
176.76487214118242	17.00815371608769
172.25163319706917	5.22681351877327
172.2900154441595	21.24386975561356
168.032691963017	18.542661451545428
172.22220847010612	18.7059948739261
173.92375079542398	8.396618269463943
170.14424047991633	18.19061977871752
168.96173252910376	7.632674755852349
169.36338420957327	21.98590546975538
167.4183373004198	9.017345264532196
167.94728805869818	8.55591256957996
166.59918516874313	11.001757491816534
170.54234047234058	8.301674402300705
163.27290581911802	11.612124669027253
167.2786018103361	9.263926653442468
165.25473730266094	5.654676914688025
164.78697598725557	12.824717785370012
162.42825564742088	7.679936835047556
162.3737144842744	4.52083523917463
164.72098667174578	12.399715032574022
169.03107205033302	18.855203001563495
166.05750980973244	15.182413829970756
161.08434080332518	7.2568563278982765
159.17599777132273	9.54566405571677
160.94097293913364	12.584878570969522
161.89530801028013	13.169531176186865
161.80274824798107	8.778654630052188
162.2070443108678	12.823489906637406
159.14299512282014	4.003400506298931
160.21271143853664	4.202519147012936
165.24442813545465	15.714668433771294
162.6180245578289	13.145575731774443
161.9661391377449	10.477019362464489
157.1239482164383	13.034418715491483
159.60221963375807	7.493209402891807
161.5245314911008	6.590627260986366
161.04827824234962	8.601374434583704
165.32086902856827	23.318892093662726
159.730388186872	8.958676333753829
156.46067625284195	3.0202316552822595
155.69815289229155	0.4348977393565292
159.91444148123264	24.75112234320295
157.57329938560724	6.608977961986966
156.8730623498559	2.9379536954365904
152.6359521523118	7.150334750920592
156.1657181456685	3.498411481235962
157.46757204085588	2.3901599784912833
158.9699313044548	6.569246625691449
157.21017707139254	24.49892671633279
152.75168849527836	1.6739193479988899
158.60631961375475	20.10459079247994
152.95413701236248	13.148532401646662
152.47509119659662	2.1852699028859206
153.7061610892415	6.510137876870431
154.67701415717602	21.441480926805525
154.01631382107735	10.028887006090372
157.31068505346775	14.254378398625704
150.14160061627626	3.202019308493618
148.15906178206205	1.2077480631078288
151.59437566250563	6.96365504440837
151.06282863765955	8.930028911261616
148.54052625969052	0.7109763418757211
152.32097527384758	10.20641327253179
150.92878475040197	13.134690563179902
147.11388529092073	0.7325483992208319
148.1650329530239	0.18311554771389638
152.98972096294165	17.488611728349497
150.05240870267153	12.48504264816438
145.25880455225706	1.4806559560529422
147.36846504360437	10.392609123086004
148.07465624809265	4.575383729590612
145.03685835003853	9.852465472304175
145.90545781329274	2.9867168392556778
148.05338617414236	5.858631732646245
149.10798682272434	30.321540304899827
146.16051207482815	2.6741418503861496
147.0209685564041	8.599759704586177
147.93323722481728	3.0451230422586377
146.56093559414148	6.346049263396708
147.97189183533192	8.771191658579482
146.24894762039185	14.80012064620496
146.22016610950232	2.616360727301071
145.82410895824432	4.214693140565942
144.66484034061432	0.5058139827451669
155.44767174869776	6.681586879622046
149.3336274512112	16.394765659922996
146.1878478601575	7.826113875293231
143.70477563142776	2.798301944116247
140.09486365318298	0.28788588052702835
144.70759349316359	7.344749221270376
145.92552087455988	6.531030597874633
150.23137621209025	21.62747637151915
144.6259487643838	16.116555393615272
143.7714748159051	9.076938077843806
146.6265306994319	2.008622349399957
146.41847604513168	2.065125236309541
146.37724786624312	8.53012501628291
148.43494467437267	12.790277804211655
143.24507148563862	7.371858732371038
145.51441072672606	6.994640245604387
140.76768273115158	0.8649197319646191
143.49762649089098	0.255010719090933
141.44123300909996	0.13778737215488945
148.18899862468243	11.823389798965763
143.98263696581125	8.430408131564036
146.09132435917854	14.831833110067237
137.67685673385859	3.10612499369563
145.4858357012272	6.534242853089381
144.13949431478977	2.575509564963795
140.79909928143024	10.569434599954548
139.19461198151112	7.5375627528410405
143.07621276378632	2.1437783570272586
139.01012089848518	8.145722992887386
143.20225484669209	7.54878369972721
138.81747933849692	0.3100852639245204
145.65588435903192	14.080840267488384
138.59356446564198	7.728511100482137
142.68766540661454	7.5374906865909
138.91467539966106	1.8800039535854012
138.37584353983402	0.38920878939461545
144.90322770178318	13.82597449541936
141.76543816924095	1.2902559038666368
138.10081915184855	0.1649486601550052
143.93981303274632	12.823997689068165
145.45923937112093	8.399617398205919
143.5607063099742	4.824947494325897
141.74801087379456	7.77329285223459
138.3939167931676	0.9288573723406444
139.99974033609033	4.026593669239446
137.93901871144772	0.691136942185949
137.2569025233388	0.33027247632298895
139.60637225955725	4.602282882975032
149.45280909910798	16.800844407556724
140.37538000196218	7.448605017554655
138.12405222654343	2.727641318726455
138.11265714466572	5.332950287412132
141.5586606785655	14.11235423623475
140.6562004312873	1.6688300237578915
134.63262782990932	0.18647890260763234
136.060056976974	0.38796989282673167
135.30870001763105	3.284685228617036
143.86504880338907	15.077180911874166
139.67921164259315	13.057409036664467
135.49994308501482	1.888851368828
137.55277097970247	1.9912274825564964
141.51617635786533	8.44533214828698
135.05339052528143	0.33606651885111205
140.29558923467994	13.562725983141718
137.33844178169966	6.692592263152619
141.228685811162	12.707664003243735
138.90789531171322	0.7208696808320383
141.76874360442162	4.705352811019111
138.6551134698093	11.533431996645959
139.39106914401054	3.041251344871853
135.17275930941105	0.6713845732829213
136.21746556088328	5.340719272832757
138.06572321802378	7.3675935317296535
135.07348052412271	2.906641087429307
135.12122420221567	3.6464293680305673
139.87075558304787	7.435895185430127
137.58645364642143	3.4741859442174245
135.81921902298927	2.8694908025036057
137.25054781883955	3.007226881019051
144.01773023605347	14.981307291203848
136.45922803133726	2.3438464195296547
135.75326468795538	5.526039184507681
140.60857171565294	13.178644928339054
136.09742368012667	1.3615558986239193
137.4985298551619	1.7860934347881994
133.4827641248703	3.5492253269085268
138.4711538851261	6.050455881375456
138.8777874186635	12.930968849828787
135.97669537365437	6.63250819374116
132.46037212014198	2.4667021647946967
135.39029227942228	1.9354210200590387
136.02264185249805	2.0937014906485274
138.52804915606976	13.893176892000156
138.29001365602016	7.1944168489244475
143.57564942538738	6.687774619620541
135.11242880672216	1.3183611814602045
135.47135846316814	0.7702560517573147
139.76924167200923	13.768003789582508
137.98417285829782	7.342773359121566
135.62284000217915	12.359210180949049
136.27661000937223	13.34317595288121
135.30234403163195	3.9459897325505153
